2 0.02265625 0.2515625 0.03671875 0.0640625
2 0.10234375 0.24921875 0.034375 0.07109375
2 0.11796875 0.384375 0.06328125 0.10859375
2 0.30390625 0.2421875 0.02734375 0.06640625
2 0.33515625 0.2828125 0.03515625 0.07265625
2 0.33828125 0.36875 0.04765625 0.06796875
2 0.40859375 0.275 0.0375 0.07578125
2 0.4921875 0.26875 0.04375 0.07734375
2 0.66015625 0.32265625 0.0546875 0.1046875
2 0.8921875 0.31015625 0.04453125 0.05234375
2 0.96015625 0.3375 0.0796875 0.103125
2 0.778125 0.37890625 0.07421875 0.09453125
2 0.48671875 0.4625 0.09765625 0.1171875
2 0.48671875 0.55625 0.11171875 0.11484375
2 0.721875 0.5109375 0.1203125 0.14375
2 0.1765625 0.13671875 0.01640625 0.0265625
2 0.27890625 0.16640625 0.015625 0.040625
2 0.1328125 0.171875 0.01328125 0.03125
2 0.125 0.13203125 0.015625 0.02578125
2 0.02578125 0.1375 0.02109375 0.02890625
1 0.16171875 0.7015625 0.18125 0.26328125