2 0.0265625 0.2453125 0.0359375 0.0625
2 0.103125 0.24296875 0.03359375 0.06875
2 0.11796875 0.3734375 0.06171875 0.10546875
2 0.2984375 0.2359375 0.0265625 0.0640625
2 0.328125 0.27578125 0.03359375 0.0703125
2 0.33125 0.35859375 0.04609375 0.065625
2 0.39921875 0.26796875 0.03671875 0.0734375
2 0.48046875 0.26171875 0.0421875 0.07421875
2 0.64296875 0.3140625 0.053125 0.10078125
2 0.8671875 0.3015625 0.04296875 0.05078125
2 0.934375 0.33046875 0.078125 0.0984375
2 0.75703125 0.36875 0.071875 0.09140625
2 0.475 0.44921875 0.09453125 0.11328125
2 0.475 0.5390625 0.1078125 0.11015625
2 0.70234375 0.4953125 0.11640625 0.13828125
2 0.175 0.134375 0.015625 0.02578125
2 0.2734375 0.16328125 0.015625 0.0390625
2 0.1328125 0.16875 0.01328125 0.0296875
2 0.125 0.1296875 0.015625 0.025
2 0.0296875 0.1359375 0.0203125 0.028125
1 0.16015625 0.6796875 0.175 0.25390625