2 0.9859375 0.2328125 0.02734375 0.065625
2 0.909375 0.23046875 0.03515625 0.07265625
2 0.89375 0.36796875 0.06484375 0.1109375
2 0.703125 0.2234375 0.02734375 0.06796875
2 0.671875 0.26484375 0.03515625 0.07421875
2 0.66875 0.35234375 0.04921875 0.06953125
2 0.59609375 0.25703125 0.0390625 0.07734375
2 0.5109375 0.25078125 0.04453125 0.07890625
2 0.3390625 0.30546875 0.05625 0.10625
2 0.10234375 0.2921875 0.0453125 0.05390625
2 0.03671875 0.32109375 0.07265625 0.10546875
2 0.21875 0.3625 0.07578125 0.09609375
2 0.51640625 0.44765625 0.09921875 0.11953125
2 0.51640625 0.54296875 0.1140625 0.11640625
2 0.2765625 0.496875 0.12265625 0.14609375
2 0.8328125 0.11640625 0.01640625 0.02734375
2 0.72890625 0.14609375 0.01640625 0.04140625
2 0.878125 0.15234375 0.0140625 0.03125
2 0.8859375 0.11171875 0.01640625 0.02578125
2 0.98671875 0.1171875 0.02109375 0.0296875
1 0.8484375 0.690625 0.18515625 0.26796875