2 0.54140625 0.7734375 0.56015625 0.453125
2 0.390625 0.4046875 0.22578125 0.16875
2 0.67578125 0.2390625 0.1078125 0.1359375
2 0.46328125 0.1890625 0.0984375 0.0734375
2 0.38046875 0.11796875 0.06171875 0.06328125
2 0.51953125 0.14921875 0.0875 0.06015625
2 0.33671875 0.05859375 0.0484375 0.03671875
2 0.44921875 0.06015625 0.0671875 0.0421875
2 0.54140625 0.053125 0.01953125 0.03203125
2 0.56875 0.0796875 0.03671875 0.03203125
2 0.68046875 0.06171875 0.03828125 0.0328125
2 0.72890625 0.06796875 0.0296875 0.03984375
2 0.77890625 0.06328125 0.021875 0.0484375
2 0.24375 0.0421875 0.07734375 0.01796875
2 0.06640625 0.0328125 0.0484375 0.025
2 0.80625 0.0453125 0.04609375 0.0265625