2 0.46875 0.765625 0.584375 0.46875
2 0.625 0.3859375 0.2359375 0.175
2 0.32734375 0.21328125 0.1125 0.140625
2 0.54921875 0.16171875 0.103125 0.0765625
2 0.63515625 0.08828125 0.06484375 0.06640625
2 0.490625 0.1203125 0.09140625 0.0625
2 0.68125 0.02578125 0.05078125 0.03828125
2 0.5640625 0.02734375 0.06953125 0.04375
2 0.4671875 0.02109375 0.0203125 0.03359375
2 0.43828125 0.0484375 0.03828125 0.03359375
2 0.321875 0.0296875 0.040625 0.03359375
2 0.271875 0.0359375 0.03125 0.04140625
2 0.21953125 0.03046875 0.02265625 0.05078125
2 0.7796875 0.00859375 0.08125 0.0171875
2 0.965625 0.0046875 0.05 0.009375
2 0.19375 0.0125 0.04921875 0.025