2 0.4671875 0.76640625 0.6015625 0.46640625
2 0.628125 0.38125 0.2421875 0.18125
2 0.321875 0.203125 0.115625 0.14609375
2 0.55078125 0.15 0.10625 0.0796875
2 0.6390625 0.0734375 0.06640625 0.06875
2 0.48984375 0.10703125 0.09453125 0.06484375
2 0.68828125 0.0140625 0.05078125 0.028125
2 0.56953125 0.01640625 0.0734375 0.0328125
2 0.4671875 0.01015625 0.021875 0.0203125
2 0.43671875 0.03203125 0.03984375 0.034375
2 0.31875 0.0140625 0.04375 0.028125
2 0.26640625 0.01953125 0.0328125 0.03828125
2 0.2140625 0.01953125 0.021875 0.03828125
2 0.18515625 0.00390625 0.05078125 0.0078125