5 0.4984375 0.26328125 0.07421875 0.13203125
5 0.31953125 0.17109375 0.02890625 0.07421875
5 0.15078125 0.246875 0.04765625 0.08203125
5 0.05078125 0.19609375 0.06484375 0.06640625
5 0.20234375 0.1078125 0.034375 0.0703125
5 0.13671875 0.0828125 0.06015625 0.0578125
5 0.83046875 0.26953125 0.06328125 0.10859375
5 0.73515625 0.16953125 0.03828125 0.0625
5 0.95625 0.21796875 0.04375 0.078125
5 0.8765625 0.1125 0.03359375 0.07109375
5 0.81640625 0.15078125 0.040625 0.06640625
5 0.5125 0.1625 0.03984375 0.04375