5 0.5125 0.271875 0.071875 0.12890625
5 0.6875 0.18203125 0.028125 0.07265625
5 0.8515625 0.25625 0.04609375 0.0796875
5 0.94921875 0.20703125 0.06328125 0.06484375
5 0.8015625 0.1203125 0.03359375 0.06875
5 0.865625 0.096875 0.05859375 0.05625
5 0.1890625 0.278125 0.06171875 0.10625
5 0.28203125 0.18046875 0.0375 0.0609375
5 0.06640625 0.228125 0.04296875 0.07578125
5 0.14375 0.12578125 0.0328125 0.06953125
5 0.203125 0.16328125 0.03984375 0.06484375
5 0.4984375 0.17421875 0.03828125 0.04296875