2 0.28125 0.653125 0.31640625 0.28359375
2 0.31171875 0.4203125 0.15625 0.1484375
2 0.546875 0.2859375 0.08203125 0.07734375
2 0.80625 0.4640625 0.10625 0.13203125
2 0.6796875 0.378125 0.09140625 0.1265625
2 0.675 0.278125 0.03671875 0.05859375
2 0.79453125 0.23671875 0.03828125 0.0578125
2 0.69453125 0.20859375 0.05234375 0.0328125
2 0.665625 0.1828125 0.03828125 0.021875
2 0.5171875 0.16015625 0.03828125 0.02578125
2 0.3015625 0.159375 0.0390625 0.02578125
2 0.4546875 0.15703125 0.03125 0.01953125
2 0.409375 0.1625 0.03828125 0.025
2 0.35703125 0.15078125 0.03671875 0.01640625
2 0.91171875 0.1328125 0.04375 0.03984375