2 0.2546875 0.63984375 0.334375 0.3
2 0.28671875 0.39375 0.16484375 0.1578125
2 0.53515625 0.2515625 0.08671875 0.08203125
2 0.809375 0.440625 0.11171875 0.13984375
2 0.67578125 0.34921875 0.096875 0.13359375
2 0.67109375 0.24296875 0.0390625 0.06171875
2 0.796875 0.19921875 0.040625 0.0609375
2 0.69140625 0.16953125 0.05546875 0.03515625
2 0.66015625 0.1421875 0.040625 0.02265625
2 0.50390625 0.11875 0.03984375 0.0265625
2 0.2765625 0.1171875 0.04140625 0.02734375
2 0.4375 0.11484375 0.03359375 0.0203125
2 0.38984375 0.12109375 0.040625 0.0265625
2 0.33515625 0.1078125 0.0390625 0.0171875
2 0.9203125 0.0890625 0.046875 0.0421875