2 0.2859375 0.64609375 0.3375 0.303125
2 0.31875 0.39765625 0.16640625 0.159375
2 0.56953125 0.25390625 0.0875 0.0828125
2 0.84609375 0.44453125 0.11328125 0.14140625
2 0.7109375 0.35234375 0.09765625 0.13515625
2 0.70625 0.2453125 0.0390625 0.0625
2 0.834375 0.20078125 0.04140625 0.06171875
2 0.72734375 0.17109375 0.05546875 0.03515625
2 0.69609375 0.14375 0.040625 0.0234375
2 0.53828125 0.11953125 0.040625 0.02734375
2 0.3078125 0.11796875 0.04140625 0.02734375
2 0.47109375 0.11640625 0.03359375 0.0203125
2 0.42265625 0.121875 0.04140625 0.0265625
2 0.3671875 0.109375 0.0390625 0.0171875
2 0.95859375 0.08984375 0.046875 0.0421875