2 0.88671875 0.090625 0.10625 0.14296875
2 0.7625 0.08046875 0.078125 0.1515625
2 0.62109375 0.15390625 0.05859375 0.1234375
2 0.57109375 0.22890625 0.0546875 0.17890625
2 0.79296875 0.43671875 0.1203125 0.2609375
2 0.390625 0.2 0.046875 0.13515625
2 0.3296875 0.01875 0.046875 0.0375
2 0.23671875 0.12890625 0.06171875 0.12109375
2 0.328125 0.31171875 0.05859375 0.2046875
2 0.43984375 0.484375 0.07890625 0.25625
2 0.5171875 0.846875 0.0953125 0.30625
2 0.23828125 0.8765625 0.11171875 0.24609375
2 0.08671875 0.75625 0.1734375 0.46796875
2 0.07109375 0.5171875 0.1421875 0.31328125
2 0.1359375 0.2484375 0.0984375 0.1796875