2 0.1265625 0.1140625 0.10078125 0.1359375
2 0.24375 0.1046875 0.07421875 0.14375
2 0.378125 0.1734375 0.05546875 0.11640625
2 0.425 0.24453125 0.05234375 0.16953125
2 0.21484375 0.44140625 0.1140625 0.246875
2 0.59609375 0.2171875 0.04453125 0.128125
2 0.65390625 0.03203125 0.04453125 0.06328125
2 0.74296875 0.15078125 0.05859375 0.11484375
2 0.65625 0.3234375 0.05546875 0.19375
2 0.55 0.4859375 0.075 0.2421875
2 0.4765625 0.84296875 0.090625 0.31328125
2 0.74140625 0.87109375 0.10703125 0.25703125
2 0.9015625 0.7453125 0.196875 0.44140625
2 0.909375 0.51953125 0.153125 0.2953125
2 0.83828125 0.26328125 0.09375 0.16953125