2 0.09921875 0.50703125 0.10625 0.15
2 0.07109375 0.3078125 0.04296875 0.0640625
2 0.04921875 0.27734375 0.04375 0.053125
2 0.1640625 0.1546875 0.046875 0.0328125
2 0.23984375 0.17578125 0.06640625 0.04140625
2 0.2921875 0.18671875 0.06640625 0.0359375
2 0.38125 0.30078125 0.0546875 0.07890625
2 0.58515625 0.74921875 0.15 0.2859375
2 0.6421875 0.48359375 0.1 0.1390625
2 0.71640625 0.35 0.0921875 0.09765625
2 0.53046875 0.25546875 0.03671875 0.0625
2 0.56484375 0.20625 0.03984375 0.0390625
2 0.52578125 0.13515625 0.0359375 0.02109375
2 0.6421875 0.14375 0.03203125 0.01953125
2 0.70078125 0.12109375 0.046875 0.0140625
2 0.6859375 0.14140625 0.034375 0.02890625
2 0.778125 0.12265625 0.0390625 0.01640625
2 0.765625 0.16484375 0.034375 0.0328125
2 0.81015625 0.15234375 0.0578125 0.0265625
2 0.97578125 0.153125 0.03046875 0.0328125
2 0.92421875 0.14296875 0.0328125 0.01953125
2 0.871875 0.1375 0.046875 0.02421875
2 0.884375 0.1234375 0.04453125 0.01796875
2 0.934375 0.11328125 0.06171875 0.0203125
2 0.86015625 0.08046875 0.08828125 0.03359375