2 0.95 0.4671875 0.1 0.16640625
2 0.9828125 0.24765625 0.03359375 0.07109375
2 0.8859375 0.078125 0.0515625 0.03671875
2 0.80234375 0.10078125 0.0734375 0.04609375
2 0.74375 0.11328125 0.0734375 0.03984375
2 0.64609375 0.23984375 0.06015625 0.0875
2 0.4203125 0.73671875 0.165625 0.3171875
2 0.35703125 0.4421875 0.11015625 0.15390625
2 0.275 0.29453125 0.1015625 0.1078125
2 0.48046875 0.18984375 0.040625 0.06875
2 0.4421875 0.13515625 0.04375 0.04375
2 0.4859375 0.05625 0.03984375 0.0234375
2 0.35625 0.06640625 0.0359375 0.02109375
2 0.2921875 0.040625 0.05234375 0.015625
2 0.30859375 0.06328125 0.03828125 0.03203125
2 0.20625 0.0421875 0.04375 0.01796875
2 0.2203125 0.0890625 0.0375 0.03671875
2 0.17109375 0.07578125 0.0640625 0.0296875
2 0.04453125 0.06484375 0.03671875 0.021875
2 0.103125 0.059375 0.05234375 0.0265625
2 0.0890625 0.04296875 0.04921875 0.0203125
2 0.03515625 0.03046875 0.0703125 0.0234375
2 0.11640625 0.00625 0.09765625 0.0125