2 0.078125 0.54453125 0.11875 0.1671875
2 0.046875 0.32265625 0.0484375 0.07109375
2 0.02265625 0.28828125 0.04453125 0.05859375
2 0.15 0.1515625 0.0515625 0.03671875
2 0.23515625 0.175 0.0734375 0.04609375
2 0.29375 0.1875 0.07421875 0.03984375
2 0.39296875 0.31484375 0.0609375 0.08828125
2 0.6203125 0.8140625 0.1671875 0.31875
2 0.68359375 0.51796875 0.1109375 0.1546875
2 0.76640625 0.36953125 0.10234375 0.10859375
2 0.55859375 0.2640625 0.040625 0.06953125
2 0.59765625 0.209375 0.04453125 0.04375
2 0.55390625 0.1296875 0.03984375 0.0234375
2 0.68359375 0.13984375 0.0359375 0.021875
2 0.74921875 0.11484375 0.05234375 0.015625
2 0.73203125 0.13671875 0.03828125 0.03203125
2 0.83515625 0.115625 0.04375 0.01796875
2 0.82109375 0.16328125 0.03828125 0.03671875
2 0.8703125 0.15 0.0640625 0.0296875
2 0.9890625 0.13828125 0.021875 0.02265625
2 0.9390625 0.1328125 0.05234375 0.0265625
2 0.95390625 0.1171875 0.04921875 0.0203125
2 0.98671875 0.10546875 0.0265625 0.02265625
2 0.9265625 0.06875 0.0984375 0.0375