2 0.58515625 0.7765625 0.16328125 0.253125
2 0.11328125 0.52109375 0.0984375 0.14921875
2 0.08515625 0.33359375 0.05390625 0.0671875
2 0.06484375 0.29921875 0.05625 0.04453125
2 0.17578125 0.18515625 0.046875 0.03359375
2 0.2546875 0.2 0.05390625 0.03515625
2 0.30703125 0.209375 0.0640625 0.0296875
2 0.390625 0.31640625 0.05546875 0.08515625
2 0.640625 0.50390625 0.09296875 0.134375
2 0.71015625 0.36875 0.07578125 0.0984375
2 0.53125 0.28046875 0.0359375 0.06640625
2 0.53046875 0.1609375 0.03203125 0.025
2 0.56484375 0.228125 0.03671875 0.04609375
2 0.68125 0.2484375 0.0375 0.05
2 0.6421875 0.16796875 0.03359375 0.0328125
2 0.68515625 0.16171875 0.0359375 0.0296875
2 0.7 0.1484375 0.04296875 0.02578125
2 0.77265625 0.14453125 0.04296875 0.025
2 0.7609375 0.18671875 0.03671875 0.02265625
2 0.8046875 0.1765625 0.053125 0.02734375
2 0.86328125 0.16328125 0.046875 0.03515625
2 0.87890625 0.14609375 0.04453125 0.01875
2 0.92578125 0.14140625 0.05546875 0.02265625
2 0.9140625 0.16328125 0.03203125 0.021875
2 0.965625 0.175 0.0328125 0.03359375
2 0.85390625 0.10390625 0.09453125 0.028125