2 0.4265625 0.7875 0.16796875 0.2609375
2 0.9140625 0.52421875 0.1015625 0.15390625
2 0.94296875 0.33046875 0.05546875 0.06953125
2 0.96328125 0.2953125 0.0578125 0.04609375
2 0.84921875 0.17734375 0.0484375 0.03515625
2 0.76796875 0.19296875 0.05625 0.0359375
2 0.71328125 0.20234375 0.06640625 0.03046875
2 0.62734375 0.3125 0.05703125 0.08828125
2 0.36953125 0.50625 0.09609375 0.1390625
2 0.29765625 0.36640625 0.078125 0.1015625
2 0.48203125 0.27578125 0.03671875 0.06875
2 0.4828125 0.15234375 0.0328125 0.02578125
2 0.44765625 0.221875 0.0375 0.04765625
2 0.32734375 0.24296875 0.03828125 0.0515625
2 0.36796875 0.159375 0.03515625 0.034375
2 0.3234375 0.153125 0.03671875 0.03046875
2 0.3078125 0.1390625 0.04453125 0.0265625
2 0.23359375 0.13515625 0.04453125 0.02578125
2 0.2453125 0.17890625 0.03828125 0.0234375
2 0.2 0.16875 0.0546875 0.028125
2 0.13984375 0.1546875 0.0484375 0.0359375
2 0.1234375 0.1375 0.04609375 0.01953125
2 0.075 0.13203125 0.05703125 0.0234375
2 0.08671875 0.15546875 0.0328125 0.02265625
2 0.03359375 0.16640625 0.03359375 0.03515625
2 0.14921875 0.09296875 0.09765625 0.0296875