3 0.97421875 0.49609375 0.046875 0.0484375
3 0.92265625 0.5078125 0.034375 0.03359375
3 0.8640625 0.4890625 0.040625 0.0546875
3 0.80234375 0.5203125 0.053125 0.0421875
3 0.721875 0.5046875 0.03515625 0.0421875
3 0.70859375 0.48046875 0.06328125 0.0421875
3 0.6125 0.58671875 0.08203125 0.09140625
3 0.609375 0.484375 0.04609375 0.06796875
3 0.54765625 0.4875 0.0546875 0.046875
3 0.43203125 0.5578125 0.0546875 0.0453125
3 0.5 0.5171875 0.0515625 0.04375
3 0.471875 0.48515625 0.06015625 0.03671875
3 0.440625 0.50390625 0.0421875 0.0390625
3 0.1796875 0.49140625 0.0765625 0.046875
3 0.31328125 0.50234375 0.04921875 0.046875