3 0.0390625 0.50078125 0.0453125 0.04609375
3 0.0890625 0.51171875 0.0328125 0.03203125
3 0.1453125 0.49375 0.0390625 0.05234375
3 0.20546875 0.52421875 0.0515625 0.03984375
3 0.28203125 0.50859375 0.03359375 0.03984375
3 0.29453125 0.4859375 0.06171875 0.03984375
3 0.3875 0.5875 0.0796875 0.0875
3 0.390625 0.4890625 0.04453125 0.065625
3 0.45 0.4921875 0.05234375 0.0453125
3 0.5609375 0.559375 0.05234375 0.04296875
3 0.49609375 0.52109375 0.05 0.0421875
3 0.5234375 0.490625 0.0578125 0.03515625
3 0.553125 0.50859375 0.040625 0.0375
3 0.8046875 0.49609375 0.0734375 0.0453125
3 0.67578125 0.50625 0.04765625 0.0453125