3 0.03359375 0.484375 0.04921875 0.05
3 0.08828125 0.49609375 0.0359375 0.03515625
3 0.15 0.4765625 0.0421875 0.05703125
3 0.21484375 0.509375 0.05546875 0.04375
3 0.2984375 0.49296875 0.03671875 0.04375
3 0.31171875 0.46796875 0.06640625 0.04375
3 0.41328125 0.57890625 0.08671875 0.0953125
3 0.41640625 0.471875 0.0484375 0.07109375
3 0.48125 0.475 0.05703125 0.04921875
3 0.60234375 0.54765625 0.05703125 0.046875
3 0.53125 0.50625 0.05390625 0.04609375
3 0.5609375 0.47265625 0.0625 0.03828125
3 0.59296875 0.4921875 0.04453125 0.040625
3 0.8671875 0.47890625 0.0796875 0.04921875
3 0.7265625 0.48984375 0.0515625 0.04921875