6 0.5390625 0.79140625 0.9 0.28359375
3 0.23984375 0.365625 0.13359375 0.07109375
3 0.2546875 0.4828125 0.090625 0.09375
3 0.1625 0.5578125 0.0578125 0.07265625
3 0.06875 0.58359375 0.05859375 0.07265625
3 0.01796875 0.63125 0.0359375 0.11484375
3 0.09609375 0.81875 0.0265625 0.06484375
3 0.14453125 0.80625 0.03046875 0.06015625
3 0.19296875 0.72109375 0.09609375 0.08671875
3 0.30390625 0.6703125 0.1328125 0.0765625
3 0.45546875 0.59140625 0.21640625 0.13203125
3 0.6078125 0.5078125 0.14453125 0.0984375