6 0.45859375 0.7953125 0.8625 0.27109375
3 0.7453125 0.3875 0.128125 0.06796875
3 0.73125 0.49921875 0.08671875 0.08984375
3 0.8203125 0.571875 0.05546875 0.06953125
3 0.909375 0.59609375 0.05625 0.06953125
3 0.9703125 0.64296875 0.059375 0.1109375
3 0.88359375 0.82109375 0.025 0.06171875
3 0.83671875 0.809375 0.0296875 0.05703125
3 0.790625 0.728125 0.0921875 0.08359375
3 0.68359375 0.6796875 0.12734375 0.0734375
3 0.5390625 0.60390625 0.2078125 0.1265625
3 0.39296875 0.52421875 0.1390625 0.09375