6 0.55703125 0.81171875 0.8859375 0.2953125
3 0.26875 0.36796875 0.1390625 0.07421875
3 0.284375 0.48984375 0.09453125 0.09765625
3 0.1875 0.56875 0.06015625 0.07578125
3 0.090625 0.5953125 0.06171875 0.07578125
3 0.028125 0.64453125 0.05546875 0.1203125
3 0.11875 0.840625 0.02734375 0.0671875
3 0.16953125 0.82734375 0.03203125 0.0625
3 0.2203125 0.7390625 0.10078125 0.090625
3 0.3359375 0.6859375 0.13828125 0.0796875
3 0.49375 0.60390625 0.22578125 0.1375
3 0.65234375 0.51640625 0.15078125 0.10234375