2 0.0140625 0.55390625 0.028125 0.071875
2 0.07421875 0.52421875 0.07109375 0.08515625
2 0.09375 0.7328125 0.08359375 0.23125
2 0.19140625 0.65 0.07265625 0.159375
2 0.26796875 0.6109375 0.08984375 0.115625
2 0.18125 0.53515625 0.0625 0.06796875
2 0.11171875 0.496875 0.0546875 0.0546875
2 0.025 0.4703125 0.03203125 0.03984375
2 0.071875 0.45625 0.03671875 0.03046875
2 0.1609375 0.48984375 0.03671875 0.0421875
2 0.1140625 0.46875 0.04609375 0.03515625
2 0.21875 0.47578125 0.01953125 0.03125
2 0.209375 0.51015625 0.053125 0.0515625
2 0.303125 0.46171875 0.025 0.040625
2 0.275 0.49375 0.0390625 0.06796875
2 0.4671875 0.66484375 0.0921875 0.146875
2 0.534375 0.615625 0.09375 0.103125
2 0.47265625 0.534375 0.04296875 0.08046875
2 0.503125 0.5140625 0.046875 0.0625
2 0.56484375 0.5546875 0.05390625 0.109375
2 0.61015625 0.8609375 0.14375 0.278125
2 0.81484375 0.85 0.2859375 0.3
2 0.9078125 0.70234375 0.16953125 0.1640625
2 0.94765625 0.575 0.1046875 0.16484375
2 0.86796875 0.509375 0.04453125 0.0640625
2 0.70625 0.50625 0.04375 0.0671875
2 0.75390625 0.571875 0.09140625 0.11171875
2 0.63359375 0.459375 0.02890625 0.04765625
2 0.75 0.453125 0.034375 0.04921875
2 0.8484375 0.453125 0.0484375 0.0375
2 0.6828125 0.4453125 0.0546875 0.03046875
2 0.53984375 0.440625 0.05703125 0.03359375
2 0.83828125 0.43125 0.03359375 0.028125
2 0.74609375 0.425 0.04140625 0.021875