2 0.0265625 0.4734375 0.04921875 0.05625
2 0.090625 0.5078125 0.06484375 0.065625
2 0.1640625 0.4796875 0.06328125 0.0765625
2 0.18125 0.6671875 0.075 0.20703125
2 0.26796875 0.5921875 0.06484375 0.1421875
2 0.33671875 0.5578125 0.08046875 0.103125
2 0.25859375 0.48984375 0.05625 0.06015625
2 0.196875 0.45625 0.0484375 0.0484375
2 0.11953125 0.43125 0.02890625 0.0359375
2 0.16171875 0.41953125 0.0328125 0.02734375
2 0.03671875 0.4375 0.03515625 0.0296875
2 0.05625 0.41796875 0.034375 0.021875
2 0.240625 0.44921875 0.0328125 0.0375
2 0.19921875 0.43046875 0.040625 0.03125
2 0.29296875 0.43671875 0.0171875 0.028125
2 0.284375 0.4671875 0.04765625 0.04609375
2 0.36796875 0.42421875 0.02265625 0.03671875
2 0.34296875 0.453125 0.03515625 0.0609375
2 0.5140625 0.60625 0.08203125 0.13125
2 0.57421875 0.5625 0.08359375 0.0921875
2 0.51953125 0.4890625 0.03828125 0.071875
2 0.54609375 0.47109375 0.04140625 0.05546875
2 0.6015625 0.50703125 0.0484375 0.09765625
2 0.6421875 0.82109375 0.12734375 0.32578125
2 0.82578125 0.778125 0.25625 0.27734375
2 0.90703125 0.6390625 0.15078125 0.146875
2 0.94921875 0.52578125 0.1015625 0.14765625
2 0.871875 0.4671875 0.03984375 0.0578125
2 0.72734375 0.4640625 0.0390625 0.06015625
2 0.76953125 0.52265625 0.08203125 0.1
2 0.6625 0.421875 0.02578125 0.0421875
2 0.76640625 0.41640625 0.03046875 0.04375
2 0.8546875 0.41640625 0.04296875 0.03359375
2 0.70703125 0.409375 0.04921875 0.02734375
2 0.57890625 0.40546875 0.0515625 0.03046875
2 0.8453125 0.396875 0.0296875 0.025
2 0.76328125 0.39140625 0.0375 0.01953125