2 0.9765625 0.471875 0.04609375 0.05546875
2 0.91328125 0.5078125 0.065625 0.06640625
2 0.8390625 0.4796875 0.0640625 0.07734375
2 0.821875 0.66875 0.075 0.20859375
2 0.734375 0.59296875 0.065625 0.14375
2 0.665625 0.5578125 0.08125 0.1046875
2 0.74375 0.48984375 0.05625 0.0609375
2 0.80625 0.45546875 0.04921875 0.04921875
2 0.88359375 0.43125 0.02890625 0.0359375
2 0.84140625 0.41875 0.0328125 0.02734375
2 0.9671875 0.43671875 0.0359375 0.03046875
2 0.9484375 0.4171875 0.034375 0.021875
2 0.76171875 0.4484375 0.03359375 0.03828125
2 0.803125 0.43046875 0.04140625 0.03203125
2 0.709375 0.4359375 0.0171875 0.028125
2 0.71796875 0.4671875 0.04765625 0.046875
2 0.634375 0.4234375 0.02265625 0.03671875
2 0.659375 0.45234375 0.03515625 0.0609375
2 0.48671875 0.60703125 0.0828125 0.1328125
2 0.4265625 0.5625 0.084375 0.09296875
2 0.48125 0.4890625 0.03828125 0.07265625
2 0.45390625 0.4703125 0.0421875 0.05625
2 0.3984375 0.50703125 0.0484375 0.0984375
2 0.35703125 0.82421875 0.128125 0.32890625
2 0.17265625 0.78046875 0.2578125 0.28046875
2 0.090625 0.640625 0.15234375 0.1484375
2 0.05078125 0.52578125 0.1015625 0.14921875
2 0.12578125 0.46640625 0.040625 0.0578125
2 0.27109375 0.4640625 0.0390625 0.0609375
2 0.22890625 0.52265625 0.08203125 0.10078125
2 0.33671875 0.42109375 0.0265625 0.04296875
2 0.23203125 0.415625 0.03125 0.04453125
2 0.14296875 0.415625 0.04375 0.03359375
2 0.2921875 0.40859375 0.04921875 0.02734375
2 0.42109375 0.4046875 0.0515625 0.03046875
2 0.15234375 0.39609375 0.0296875 0.02578125
2 0.2359375 0.390625 0.0375 0.01953125