1 0.94453125 0.696875 0.1109375 0.16875
1 0.54296875 0.6828125 0.21640625 0.13203125
1 0.12109375 0.72421875 0.06953125 0.071875
1 0.21640625 0.77109375 0.1265625 0.14375
1 0.5140625 0.7953125 0.15625 0.153125
1 0.42265625 0.73984375 0.040625 0.05859375
1 0.034375 0.69921875 0.06875 0.0734375
1 0.8171875 0.71875 0.05859375 0.0421875
1 0.68671875 0.7234375 0.06484375 0.04609375
1 0.31875 0.7203125 0.0609375 0.0390625
1 0.8640625 0.728125 0.0453125 0.04140625
1 0.25234375 0.71171875 0.03984375 0.05390625
1 0.1921875 0.70390625 0.06328125 0.05390625
1 0.38203125 0.7171875 0.0484375 0.03046875