1 0.07109375 0.66640625 0.1421875 0.15078125
1 0.45625 0.6515625 0.196875 0.11953125
1 0.83984375 0.6890625 0.06328125 0.065625
1 0.753125 0.73125 0.11484375 0.1296875
1 0.4828125 0.753125 0.1421875 0.13828125
1 0.565625 0.703125 0.03671875 0.053125
1 0.93203125 0.6671875 0.0875 0.06640625
1 0.20703125 0.684375 0.053125 0.03828125
1 0.325 0.68828125 0.059375 0.04140625
1 0.66015625 0.68515625 0.05546875 0.0359375
1 0.1640625 0.69296875 0.04140625 0.0375
1 0.72109375 0.678125 0.0359375 0.0484375
1 0.77578125 0.67109375 0.0578125 0.04921875
1 0.60234375 0.6828125 0.04453125 0.02734375