5 0.9515625 0.2875 0.09140625 0.20234375
5 0.5640625 0.3359375 0.06796875 0.2078125
5 0.4328125 0.41171875 0.0984375 0.27109375
3 0.22890625 0.609375 0.06328125 0.12578125
3 0.46015625 0.64765625 0.0484375 0.13359375
3 0.63671875 0.75234375 0.0609375 0.1609375
3 0.8078125 0.36640625 0.03515625 0.09453125
3 0.9265625 0.5796875 0.03125 0.0875
3 0.50390625 0.4140625 0.04453125 0.14453125
3 0.771875 0.53359375 0.0140625 0.03203125
3 0.88046875 0.36171875 0.0140625 0.0140625
3 0.1703125 0.5421875 0.0171875 0.025
3 0.26953125 0.3828125 0.01484375 0.02109375