5 0.0421875 0.2859375 0.08359375 0.21015625
5 0.43515625 0.3359375 0.0703125 0.21484375
5 0.57109375 0.41484375 0.1015625 0.28046875
3 0.78125 0.61875 0.06484375 0.1296875
3 0.54296875 0.65859375 0.05 0.13828125
3 0.3609375 0.76640625 0.0625 0.1671875
3 0.184375 0.3671875 0.03671875 0.09765625
3 0.06171875 0.58828125 0.03203125 0.08984375
3 0.49765625 0.41640625 0.0453125 0.14921875
3 0.22109375 0.540625 0.01484375 0.03359375
3 0.109375 0.3625 0.01484375 0.01484375
3 0.8421875 0.55 0.01796875 0.02578125
3 0.7390625 0.384375 0.015625 0.021875