5 0.96640625 0.2765625 0.06640625 0.215625
5 0.57109375 0.328125 0.07265625 0.22109375
5 0.43203125 0.409375 0.1046875 0.2890625
3 0.215625 0.61953125 0.0671875 0.13359375
3 0.4609375 0.66015625 0.0515625 0.14296875
3 0.6484375 0.77109375 0.06484375 0.171875
3 0.83046875 0.36015625 0.0375 0.1
3 0.95625 0.58828125 0.0328125 0.09296875
3 0.5078125 0.41171875 0.046875 0.15390625
3 0.7921875 0.5390625 0.01484375 0.034375
3 0.9078125 0.35546875 0.01484375 0.015625
3 0.15234375 0.5484375 0.01875 0.0265625
3 0.25859375 0.378125 0.015625 0.02265625