5 0.0953125 0.2453125 0.103125 0.2265625
5 0.5078125 0.31640625 0.07734375 0.22421875
5 0.60390625 0.4078125 0.1125 0.31640625
3 0.55703125 0.4171875 0.04765625 0.15234375
3 0.93046875 0.55859375 0.01484375 0.02265625
3 0.76640625 0.65390625 0.0828125 0.14296875
3 0.1890625 0.33671875 0.015625 0.02265625
3 0.24765625 0.34765625 0.02890625 0.08828125
3 0.44921875 0.7046875 0.0640625 0.1578125
3 0.12734375 0.85546875 0.0890625 0.2125
3 0.18359375 0.54453125 0.0125 0.01875
3 0.9015625 0.3609375 0.01015625 0.0234375