5 0.94921875 0.27890625 0.1015625 0.2234375
5 0.540625 0.33046875 0.0734375 0.2390625
5 0.39921875 0.42109375 0.11015625 0.3125
3 0.203125 0.64609375 0.08203125 0.1390625
3 0.115625 0.5609375 0.0140625 0.03046875
3 0.20390625 0.37421875 0.0140625 0.0203125
3 0.47421875 0.421875 0.053125 0.1453125
3 0.79921875 0.36640625 0.03671875 0.09453125
3 0.86953125 0.3546875 0.01015625 0.01328125
3 0.790625 0.55078125 0.01328125 0.01640625
3 0.4734375 0.68671875 0.05390625 0.140625
3 0.69140625 0.81328125 0.06171875 0.18046875
3 0.9734375 0.6015625 0.0328125 0.11484375