5 0.96796875 0.24453125 0.0640625 0.2296875
5 0.571875 0.296875 0.07421875 0.24296875
5 0.428125 0.3890625 0.11171875 0.31796875
3 0.22890625 0.61796875 0.08359375 0.14140625
3 0.13984375 0.53125 0.0140625 0.03125
3 0.2296875 0.34140625 0.0140625 0.0203125
3 0.5046875 0.38984375 0.0546875 0.14765625
3 0.83515625 0.33359375 0.0375 0.09609375
3 0.90703125 0.32109375 0.01015625 0.0140625
3 0.82578125 0.52109375 0.01328125 0.01640625
3 0.50390625 0.659375 0.0546875 0.14375
3 0.72578125 0.7890625 0.06328125 0.18359375