5 0.92109375 0.29140625 0.096875 0.20703125
5 0.53828125 0.33671875 0.06796875 0.221875
5 0.40625 0.42109375 0.10234375 0.28984375
3 0.2234375 0.6296875 0.0765625 0.12890625
3 0.1421875 0.55078125 0.0125 0.02890625
3 0.22421875 0.378125 0.01328125 0.01875
3 0.47578125 0.421875 0.05 0.134375
3 0.77890625 0.3703125 0.034375 0.0875
3 0.84453125 0.359375 0.009375 0.0125
3 0.7703125 0.54140625 0.01171875 0.01484375
3 0.47578125 0.6671875 0.05 0.13046875
3 0.678125 0.78515625 0.0578125 0.1671875
3 0.940625 0.58828125 0.03046875 0.10625