5 0.059375 0.2734375 0.10546875 0.2109375
5 0.48203125 0.33046875 0.07890625 0.19375
5 0.64609375 0.39375 0.10625 0.27578125
3 0.171875 0.565625 0.034375 0.09296875
3 0.1296875 0.34375 0.01875 0.0234375
3 0.2234375 0.35546875 0.02890625 0.07578125
3 0.50390625 0.71640625 0.05625 0.1578125
3 0.653125 0.62109375 0.05078125 0.121875
3 0.76796875 0.9796875 0.0625 0.03984375
3 0.87265625 0.5828125 0.05703125 0.11796875
3 0.90078125 0.52421875 0.0171875 0.03203125
3 0.78046875 0.36328125 0.01796875 0.02421875