5 0.92265625 0.29296875 0.0953125 0.18984375
5 0.54140625 0.34453125 0.07109375 0.17421875
5 0.39375 0.4015625 0.09609375 0.24765625
3 0.82109375 0.55625 0.03125 0.08359375
3 0.859375 0.35625 0.0171875 0.02109375
3 0.775 0.3671875 0.0265625 0.06796875
3 0.521875 0.6921875 0.05078125 0.1421875
3 0.38671875 0.60625 0.04609375 0.109375
3 0.2828125 0.95546875 0.05625 0.0890625
3 0.1890625 0.571875 0.0515625 0.10625
3 0.16328125 0.51953125 0.015625 0.02890625
3 0.271875 0.37421875 0.01640625 0.021875