3 0.38125 0.7296875 0.078125 0.06015625
3 0.2546875 0.67734375 0.0953125 0.0953125
3 0.0953125 0.4671875 0.05390625 0.06875
3 0.13359375 0.47578125 0.0328125 0.05703125
3 0.55625 0.53984375 0.121875 0.11171875
3 0.70078125 0.36875 0.08515625 0.075
3 0.78984375 0.40546875 0.05 0.04140625
3 0.0734375 0.03046875 0.0453125 0.05390625
3 0.128125 0.0921875 0.0578125 0.0734375
3 0.54609375 0.1296875 0.05859375 0.0546875
3 0.5890625 0.05546875 0.07109375 0.04921875
3 0.91953125 0.0765625 0.07109375 0.03984375
3 0.94453125 0.0453125 0.04609375 0.05234375
3 0.884375 0.14609375 0.0765625 0.07421875
3 0.7734375 0.221875 0.17265625 0.0703125