3 0.62890625 0.76015625 0.08203125 0.06328125
3 0.76171875 0.70546875 0.1 0.1
3 0.928125 0.4859375 0.05625 0.071875
3 0.88828125 0.49453125 0.034375 0.059375
3 0.44609375 0.56171875 0.12734375 0.1171875
3 0.2953125 0.3828125 0.0890625 0.078125
3 0.20234375 0.42109375 0.05234375 0.04296875
3 0.9515625 0.02890625 0.04765625 0.05625
3 0.89375 0.09375 0.06015625 0.0765625
3 0.45703125 0.1328125 0.06171875 0.05703125
3 0.4125 0.05546875 0.075 0.0515625
3 0.06640625 0.07734375 0.07421875 0.04140625
3 0.040625 0.04453125 0.0484375 0.0546875
3 0.10390625 0.15 0.08046875 0.07734375
3 0.21953125 0.2296875 0.18046875 0.0734375