3 0.5953125 0.71875 0.08359375 0.0640625
3 0.7296875 0.6625 0.10078125 0.1015625
3 0.89921875 0.4390625 0.05703125 0.0734375
3 0.85859375 0.44765625 0.03515625 0.06015625
3 0.409375 0.51640625 0.12890625 0.11875
3 0.25625 0.334375 0.08984375 0.0796875
3 0.1625 0.3734375 0.053125 0.04375
3 0.8640625 0.03984375 0.0609375 0.078125
3 0.42109375 0.08046875 0.0625 0.05859375
3 0.3765625 0.01328125 0.0765625 0.02578125
3 0.03203125 0.021875 0.0640625 0.04375
3 0.0625 0.09765625 0.08125 0.07890625
3 0.1796875 0.178125 0.1828125 0.075